Grid
-1000 -200.0 m 0
2000 -200.0 l 1024
-1000 -172.0 m 0
2000 -172.0 l 1024
-1000 -144.0 m 0
2000 -144.0 l 1024
-1000 -117.0 m 0
2000 -117.0 l 1024
-1000 -89.0 m 0
2000 -89.0 l 1024
-1000 -61.0 m 0
2000 -61.0 l 1024
-1000 -33.0 m 0
2000 -33.0 l 1024
-1000 -6.0 m 0
2000 -6.0 l 1024
-1000 22.0 m 0
2000 22.0 l 1024
-1000 50.0 m 0
2000 50.0 l 1024
-1000 78.0 m 0
2000 78.0 l 1024
-1000 106.0 m 0
2000 106.0 l 1024
-1000 133.0 m 0
2000 133.0 l 1024
-1000 161.0 m 0
2000 161.0 l 1024
-1000 189.0 m 0
2000 189.0 l 1024
-1000 217.0 m 0
2000 217.0 l 1024
-1000 244.0 m 0
2000 244.0 l 1024
-1000 272.0 m 0
2000 272.0 l 1024
-1000 300.0 m 0
2000 300.0 l 1024
-1000 328.0 m 0
2000 328.0 l 1024
-1000 356.0 m 0
2000 356.0 l 1024
-1000 383.0 m 0
2000 383.0 l 1024
-1000 411.0 m 0
2000 411.0 l 1024
-1000 439.0 m 0
2000 439.0 l 1024
-1000 467.0 m 0
2000 467.0 l 1024
-1000 494.0 m 0
2000 494.0 l 1024
-1000 522.0 m 0
2000 522.0 l 1024
-1000 550.0 m 0
2000 550.0 l 1024
-1000 578.0 m 0
2000 578.0 l 1024
-1000 606.0 m 0
2000 606.0 l 1024
-1000 633.0 m 0
2000 633.0 l 1024
-1000 661.0 m 0
2000 661.0 l 1024
-1000 689.0 m 0
2000 689.0 l 1024
-1000 717.0 m 0
2000 717.0 l 1024
-1000 744.0 m 0
2000 744.0 l 1024
-1000 772.0 m 0
2000 772.0 l 1024
-1000 800.0 m 0
2000 800.0 l 1024
0.0 1300 m 0
0.0 -700 l 1024
30.0 1300 m 0
30.0 -700 l 1024
60.0 1300 m 0
60.0 -700 l 1024
89.0 1300 m 0
89.0 -700 l 1024
119.0 1300 m 0
119.0 -700 l 1024
149.0 1300 m 0
149.0 -700 l 1024
179.0 1300 m 0
179.0 -700 l 1024
208.0 1300 m 0
208.0 -700 l 1024
238.0 1300 m 0
238.0 -700 l 1024
268.0 1300 m 0
268.0 -700 l 1024
298.0 1300 m 0
298.0 -700 l 1024
328.0 1300 m 0
328.0 -700 l 1024
357.0 1300 m 0
357.0 -700 l 1024
387.0 1300 m 0
387.0 -700 l 1024
417.0 1300 m 0
417.0 -700 l 1024
447.0 1300 m 0
447.0 -700 l 1024
476.0 1300 m 0
476.0 -700 l 1024
506.0 1300 m 0
506.0 -700 l 1024
536.0 1300 m 0
536.0 -700 l 1024
EndSplineSet
