Grid
-1000 -200.0 m 0
2000 -200.0 l 1024
-1000 -175.0 m 0
2000 -175.0 l 1024
-1000 -150.0 m 0
2000 -150.0 l 1024
-1000 -125.0 m 0
2000 -125.0 l 1024
-1000 -100.0 m 0
2000 -100.0 l 1024
-1000 -75.0 m 0
2000 -75.0 l 1024
-1000 -50.0 m 0
2000 -50.0 l 1024
-1000 -25.0 m 0
2000 -25.0 l 1024
-1000 0.0 m 0
2000 0.0 l 1024
-1000 25.0 m 0
2000 25.0 l 1024
-1000 50.0 m 0
2000 50.0 l 1024
-1000 75.0 m 0
2000 75.0 l 1024
-1000 100.0 m 0
2000 100.0 l 1024
-1000 125.0 m 0
2000 125.0 l 1024
-1000 150.0 m 0
2000 150.0 l 1024
-1000 175.0 m 0
2000 175.0 l 1024
-1000 200.0 m 0
2000 200.0 l 1024
-1000 225.0 m 0
2000 225.0 l 1024
-1000 250.0 m 0
2000 250.0 l 1024
-1000 275.0 m 0
2000 275.0 l 1024
-1000 300.0 m 0
2000 300.0 l 1024
-1000 325.0 m 0
2000 325.0 l 1024
-1000 350.0 m 0
2000 350.0 l 1024
-1000 375.0 m 0
2000 375.0 l 1024
-1000 400.0 m 0
2000 400.0 l 1024
-1000 425.0 m 0
2000 425.0 l 1024
-1000 450.0 m 0
2000 450.0 l 1024
-1000 475.0 m 0
2000 475.0 l 1024
-1000 500.0 m 0
2000 500.0 l 1024
-1000 525.0 m 0
2000 525.0 l 1024
-1000 550.0 m 0
2000 550.0 l 1024
-1000 575.0 m 0
2000 575.0 l 1024
-1000 600.0 m 0
2000 600.0 l 1024
-1000 625.0 m 0
2000 625.0 l 1024
-1000 650.0 m 0
2000 650.0 l 1024
-1000 675.0 m 0
2000 675.0 l 1024
-1000 700.0 m 0
2000 700.0 l 1024
-1000 725.0 m 0
2000 725.0 l 1024
-1000 750.0 m 0
2000 750.0 l 1024
-1000 775.0 m 0
2000 775.0 l 1024
-1000 800.0 m 0
2000 800.0 l 1024
0.0 1300 m 0
0.0 -700 l 1024
30.0 1300 m 0
30.0 -700 l 1024
60.0 1300 m 0
60.0 -700 l 1024
89.0 1300 m 0
89.0 -700 l 1024
119.0 1300 m 0
119.0 -700 l 1024
149.0 1300 m 0
149.0 -700 l 1024
179.0 1300 m 0
179.0 -700 l 1024
208.0 1300 m 0
208.0 -700 l 1024
238.0 1300 m 0
238.0 -700 l 1024
268.0 1300 m 0
268.0 -700 l 1024
298.0 1300 m 0
298.0 -700 l 1024
328.0 1300 m 0
328.0 -700 l 1024
357.0 1300 m 0
357.0 -700 l 1024
387.0 1300 m 0
387.0 -700 l 1024
417.0 1300 m 0
417.0 -700 l 1024
447.0 1300 m 0
447.0 -700 l 1024
476.0 1300 m 0
476.0 -700 l 1024
506.0 1300 m 0
506.0 -700 l 1024
536.0 1300 m 0
536.0 -700 l 1024
EndSplineSet
